Da thuc da cho:
a3.x^2 + a2.x^1 + a1.x^0 
a3 = 1.0000
a2 = 2.0000
a1 = 1.0000


Da thuc khi nhan voi (x-c) voi c=-1.0000 la:
(b4x^3 + b3x^2 + b2x^1 + b1x^0 )
b4=1.000000
b3=3.000000
b2=3.000000
b1=1.000000
