Da thuc da cho:
a4.x^3 + a3.x^2 + a2.x^1 + a1.x^0 
a4 = 1.0000
a3 = 2.0000
a2 = 1.0000
a1 = -4.0000


Da thuc khi nhan voi (x-c) voi c=-1.0000 la:
(b5x^4 + b4x^3 + b3x^2 + b2x^1 + b1x^0 )
b5=1.000000
b4=3.000000
b3=3.000000
b2=-3.000000
b1=-4.000000
